# fastNeutrino --scenario troubleshoot/model.txt -n 100

Reading demographic model (to compute expected SFS) from file troubleshoot/model.txt

Epoch 0, constant, N = 2, time = 0.5
Epoch 1, constant, N = 1, time = 1.7976931e+308

Expected SFS from demography file troubleshoot/model.txt, sample size = 100
0	3.86364	1.8679	1.20532	0.875931	0.679722	0.550037	0.458308	0.390257	0.337952	0.296636	0.263282	0.235877	0.213025	0.193731	0.177268	0.16309	0.150779	0.140014	0.13054	0.122153	0.11469	0.108017	0.102025	0.0966211	0.0917301	0.0872876	0.0832391	0.0795383	0.0761453	0.0730259	0.0701506	0.0674936	0.0650325	0.0627476	0.0606217	0.0586396	0.0567878	0.0550544	0.0534288	0.0519016	0.0504644	0.0491096	0.0478305	0.0466208	0.0454753	0.0443888	0.043357	0.0423757	0.0414413	0.0405505	0.0397001	0.0388874	0.0381099	0.0373652	0.0366513	0.0359661	0.0353079	0.0346751	0.0340661	0.0334794	0.0329139	0.0323684	0.0318417	0.0313328	0.0308407	0.0303647	0.0299038	0.0294573	0.0290246	0.0286048	0.0281975	0.027802	0.0274178	0.0270444	0.0266813	0.0263281	0.0259843	0.0256496	0.0253236	0.0250059	0.0246962	0.0243943	0.0240997	0.0238122	0.0235316	0.0232575	0.0229899	0.0227283	0.0224728	0.0222229	0.0219785	0.0217395	0.0215057	0.0212768	0.0210528	0.0208334	0.0206186	0.0204082	0.020202	0

Probability distribution of expected SFS
0	0.247014	0.11942	0.07706	0.0560009	0.0434567	0.0351655	0.029301	0.0249503	0.0216063	0.0189648	0.0168324	0.0150803	0.0136193	0.0123858	0.0113333	0.0104268	0.00963978	0.00895154	0.00834582	0.00780962	0.00733249	0.00690588	0.00652275	0.00617728	0.00586458	0.00558056	0.00532173	0.00508512	0.0048682	0.00466877	0.00448494	0.00431507	0.00415772	0.00401164	0.00387573	0.003749	0.00363061	0.00351979	0.00341586	0.00331823	0.00322634	0.00313973	0.00305795	0.00298061	0.00290737	0.00283791	0.00277194	0.00270921	0.00264947	0.00259251	0.00253815	0.00248619	0.00243648	0.00238887	0.00234323	0.00229942	0.00225734	0.00221688	0.00217795	0.00214044	0.00210429	0.00206941	0.00203573	0.0020032	0.00197174	0.00194131	0.00191184	0.0018833	0.00185563	0.00182879	0.00180275	0.00177747	0.0017529	0.00172903	0.00170582	0.00168324	0.00166126	0.00163986	0.00161902	0.0015987	0.00157891	0.0015596	0.00154076	0.00152238	0.00150444	0.00148692	0.00146981	0.00145309	0.00143675	0.00142078	0.00140515	0.00138987	0.00137492	0.00136029	0.00134597	0.00133194	0.00131821	0.00130476	0.00129158	0
Got expected SFS; not reading from data file
sample size n = 100
locusStartIdx = 0	locusEndIdx = 0
excludedLoci =
# loci used = 1

also excluding these loci because # segsites is 0:
total number of segregating sites = 15.6414
maxb set to 99 because hit cutoff 1
using full SFS (no binning)
